[
    {
        "comm": [
            [
                0,
                1,
                1,
                1,
                0,
                0,
                1,
                0,
                0
            ],
            [
                1,
                0,
                1,
                0,
                1,
                0,
                0,
                1,
                0
            ],
            [
                1,
                1,
                0,
                0,
                0,
                1,
                0,
                0,
                1
            ],
            [
                1,
                0,
                0,
                0,
                1,
                1,
                1,
                0,
                0
            ],
            [
                0,
                1,
                0,
                1,
                0,
                1,
                0,
                1,
                0
            ],
            [
                0,
                0,
                1,
                1,
                1,
                0,
                0,
                0,
                1
            ],
            [
                1,
                0,
                0,
                1,
                0,
                0,
                0,
                1,
                1
            ],
            [
                0,
                1,
                0,
                0,
                1,
                0,
                1,
                0,
                1
            ],
            [
                0,
                0,
                1,
                0,
                0,
                1,
                1,
                1,
                0
            ]
        ],
        "weight": [
            [
                0.19999999999999996,
                0.2,
                0.2,
                0.2,
                0.0,
                0.0,
                0.2,
                0.0,
                0.0
            ],
            [
                0.2,
                0.19999999999999996,
                0.2,
                0.0,
                0.2,
                0.0,
                0.0,
                0.2,
                0.0
            ],
            [
                0.2,
                0.2,
                0.19999999999999996,
                0.0,
                0.0,
                0.2,
                0.0,
                0.0,
                0.2
            ],
            [
                0.2,
                0.0,
                0.0,
                0.19999999999999996,
                0.2,
                0.2,
                0.2,
                0.0,
                0.0
            ],
            [
                0.0,
                0.2,
                0.0,
                0.2,
                0.19999999999999996,
                0.2,
                0.0,
                0.2,
                0.0
            ],
            [
                0.0,
                0.0,
                0.2,
                0.2,
                0.2,
                0.19999999999999996,
                0.0,
                0.0,
                0.2
            ],
            [
                0.2,
                0.0,
                0.0,
                0.2,
                0.0,
                0.0,
                0.19999999999999996,
                0.2,
                0.2
            ],
            [
                0.0,
                0.2,
                0.0,
                0.0,
                0.2,
                0.0,
                0.2,
                0.19999999999999996,
                0.2
            ],
            [
                0.0,
                0.0,
                0.2,
                0.0,
                0.0,
                0.2,
                0.2,
                0.2,
                0.19999999999999996
            ]
        ],
        "p": 0.84
    }
]