[
    {
        "comm": [
            [
                0,
                0,
                1,
                1,
                0,
                1,
                0,
                0,
                1
            ],
            [
                0,
                0,
                0,
                1,
                1,
                1,
                1,
                0,
                0
            ],
            [
                1,
                0,
                0,
                0,
                0,
                0,
                1,
                0,
                0
            ],
            [
                1,
                1,
                0,
                0,
                1,
                1,
                1,
                0,
                0
            ],
            [
                0,
                1,
                0,
                1,
                0,
                1,
                0,
                0,
                1
            ],
            [
                1,
                1,
                0,
                1,
                1,
                0,
                1,
                0,
                0
            ],
            [
                0,
                1,
                1,
                1,
                0,
                1,
                0,
                0,
                0
            ],
            [
                0,
                0,
                0,
                0,
                0,
                0,
                0,
                0,
                0
            ],
            [
                1,
                0,
                0,
                0,
                1,
                0,
                0,
                0,
                0
            ]
        ],
        "weight": [
            [
                0.2666666666666666,
                0.0,
                0.2,
                0.16666666666666666,
                0.0,
                0.16666666666666666,
                0.0,
                0.0,
                0.2
            ],
            [
                0.0,
                0.2666666666666667,
                0.0,
                0.16666666666666666,
                0.2,
                0.16666666666666666,
                0.2,
                0.0,
                0.0
            ],
            [
                0.2,
                0.0,
                0.6,
                0.0,
                0.0,
                0.0,
                0.2,
                0.0,
                0.0
            ],
            [
                0.16666666666666666,
                0.16666666666666666,
                0.0,
                0.16666666666666674,
                0.16666666666666666,
                0.16666666666666666,
                0.16666666666666666,
                0.0,
                0.0
            ],
            [
                0.0,
                0.2,
                0.0,
                0.16666666666666666,
                0.2666666666666666,
                0.16666666666666666,
                0.0,
                0.0,
                0.2
            ],
            [
                0.16666666666666666,
                0.16666666666666666,
                0.0,
                0.16666666666666666,
                0.16666666666666666,
                0.16666666666666674,
                0.16666666666666666,
                0.0,
                0.0
            ],
            [
                0.0,
                0.2,
                0.2,
                0.16666666666666666,
                0.0,
                0.16666666666666666,
                0.2666666666666667,
                0.0,
                0.0
            ],
            [
                0.0,
                0.0,
                0.0,
                0.0,
                0.0,
                0.0,
                0.0,
                1.0,
                0.0
            ],
            [
                0.2,
                0.0,
                0.0,
                0.0,
                0.2,
                0.0,
                0.0,
                0.0,
                0.6
            ]
        ],
        "p": 0.0
    },
    {
        "comm": [
            [
                0,
                0,
                1,
                1,
                0,
                1,
                0,
                1,
                1
            ],
            [
                0,
                0,
                0,
                1,
                1,
                1,
                1,
                0,
                0
            ],
            [
                1,
                0,
                0,
                0,
                0,
                0,
                1,
                1,
                0
            ],
            [
                1,
                1,
                0,
                0,
                1,
                1,
                1,
                0,
                0
            ],
            [
                0,
                1,
                0,
                1,
                0,
                1,
                0,
                1,
                1
            ],
            [
                1,
                1,
                0,
                1,
                1,
                0,
                1,
                0,
                0
            ],
            [
                0,
                1,
                1,
                1,
                0,
                1,
                0,
                1,
                0
            ],
            [
                1,
                0,
                1,
                0,
                1,
                0,
                1,
                0,
                1
            ],
            [
                1,
                0,
                0,
                0,
                1,
                0,
                0,
                1,
                0
            ]
        ],
        "weight": [
            [
                0.16666666666666674,
                0.0,
                0.16666666666666666,
                0.16666666666666666,
                0.0,
                0.16666666666666666,
                0.0,
                0.16666666666666666,
                0.16666666666666666
            ],
            [
                0.0,
                0.33333333333333337,
                0.0,
                0.16666666666666666,
                0.16666666666666666,
                0.16666666666666666,
                0.16666666666666666,
                0.0,
                0.0
            ],
            [
                0.16666666666666666,
                0.0,
                0.5,
                0.0,
                0.0,
                0.0,
                0.16666666666666666,
                0.16666666666666666,
                0.0
            ],
            [
                0.16666666666666666,
                0.16666666666666666,
                0.0,
                0.16666666666666674,
                0.16666666666666666,
                0.16666666666666666,
                0.16666666666666666,
                0.0,
                0.0
            ],
            [
                0.0,
                0.16666666666666666,
                0.0,
                0.16666666666666666,
                0.16666666666666674,
                0.16666666666666666,
                0.0,
                0.16666666666666666,
                0.16666666666666666
            ],
            [
                0.16666666666666666,
                0.16666666666666666,
                0.0,
                0.16666666666666666,
                0.16666666666666666,
                0.16666666666666674,
                0.16666666666666666,
                0.0,
                0.0
            ],
            [
                0.0,
                0.16666666666666666,
                0.16666666666666666,
                0.16666666666666666,
                0.0,
                0.16666666666666666,
                0.16666666666666674,
                0.16666666666666666,
                0.0
            ],
            [
                0.16666666666666666,
                0.0,
                0.16666666666666666,
                0.0,
                0.16666666666666666,
                0.0,
                0.16666666666666666,
                0.16666666666666674,
                0.16666666666666666
            ],
            [
                0.16666666666666666,
                0.0,
                0.0,
                0.0,
                0.16666666666666666,
                0.0,
                0.0,
                0.16666666666666666,
                0.5
            ]
        ],
        "p": 0.5976458125233619
    }
]