[
    {
        "comm": [
            [
                0,
                0,
                0,
                0,
                0,
                1,
                1,
                0,
                0
            ],
            [
                0,
                0,
                0,
                0,
                0,
                0,
                0,
                0,
                0
            ],
            [
                0,
                0,
                0,
                1,
                1,
                0,
                0,
                0,
                0
            ],
            [
                0,
                0,
                1,
                0,
                0,
                0,
                0,
                0,
                1
            ],
            [
                0,
                0,
                1,
                0,
                0,
                1,
                0,
                0,
                0
            ],
            [
                1,
                0,
                0,
                0,
                1,
                0,
                0,
                0,
                0
            ],
            [
                1,
                0,
                0,
                0,
                0,
                0,
                0,
                0,
                0
            ],
            [
                0,
                0,
                0,
                0,
                0,
                0,
                0,
                0,
                1
            ],
            [
                0,
                0,
                0,
                1,
                0,
                0,
                0,
                1,
                0
            ]
        ],
        "weight": [
            [
                0.33333333333333337,
                0.0,
                0.0,
                0.0,
                0.0,
                0.3333333333333333,
                0.3333333333333333,
                0.0,
                0.0
            ],
            [
                0.0,
                1.0,
                0.0,
                0.0,
                0.0,
                0.0,
                0.0,
                0.0,
                0.0
            ],
            [
                0.0,
                0.0,
                0.33333333333333337,
                0.3333333333333333,
                0.3333333333333333,
                0.0,
                0.0,
                0.0,
                0.0
            ],
            [
                0.0,
                0.0,
                0.3333333333333333,
                0.33333333333333337,
                0.0,
                0.0,
                0.0,
                0.0,
                0.3333333333333333
            ],
            [
                0.0,
                0.0,
                0.3333333333333333,
                0.0,
                0.33333333333333337,
                0.3333333333333333,
                0.0,
                0.0,
                0.0
            ],
            [
                0.3333333333333333,
                0.0,
                0.0,
                0.0,
                0.3333333333333333,
                0.33333333333333337,
                0.0,
                0.0,
                0.0
            ],
            [
                0.3333333333333333,
                0.0,
                0.0,
                0.0,
                0.0,
                0.0,
                0.6666666666666667,
                0.0,
                0.0
            ],
            [
                0.0,
                0.0,
                0.0,
                0.0,
                0.0,
                0.0,
                0.0,
                0.6666666666666667,
                0.3333333333333333
            ],
            [
                0.0,
                0.0,
                0.0,
                0.3333333333333333,
                0.0,
                0.0,
                0.0,
                0.3333333333333333,
                0.33333333333333337
            ]
        ],
        "p": 8.881784197001252e-16
    }
]