[
    {
        "comm": [
            [
                0.0,
                1.0,
                1.0,
                1.0,
                0.0,
                0.0,
                1.0,
                0.0,
                0.0
            ],
            [
                1.0,
                0.0,
                1.0,
                0.0,
                1.0,
                0.0,
                0.0,
                0.0,
                0.0
            ],
            [
                1.0,
                1.0,
                0.0,
                0.0,
                0.0,
                1.0,
                0.0,
                0.0,
                1.0
            ],
            [
                1.0,
                0.0,
                0.0,
                0.0,
                1.0,
                1.0,
                1.0,
                0.0,
                0.0
            ],
            [
                0.0,
                1.0,
                0.0,
                1.0,
                0.0,
                1.0,
                0.0,
                0.0,
                0.0
            ],
            [
                0.0,
                0.0,
                1.0,
                1.0,
                1.0,
                0.0,
                0.0,
                0.0,
                1.0
            ],
            [
                1.0,
                0.0,
                0.0,
                1.0,
                0.0,
                0.0,
                0.0,
                0.0,
                1.0
            ],
            [
                0.0,
                0.0,
                0.0,
                0.0,
                0.0,
                0.0,
                0.0,
                0.0,
                0.0
            ],
            [
                0.0,
                0.0,
                1.0,
                0.0,
                0.0,
                1.0,
                1.0,
                0.0,
                0.0
            ]
        ],
        "weight": [
            [
                0.09999999999999998,
                0.25,
                0.2,
                0.2,
                0.0,
                0.0,
                0.25,
                0.0,
                0.0
            ],
            [
                0.2,
                0.35,
                0.2,
                0.0,
                0.25,
                0.0,
                0.0,
                0.0,
                0.0
            ],
            [
                0.2,
                0.25,
                0.09999999999999998,
                0.0,
                0.0,
                0.2,
                0.0,
                0.0,
                0.25
            ],
            [
                0.2,
                0.0,
                0.0,
                0.10000000000000009,
                0.25,
                0.2,
                0.25,
                0.0,
                0.0
            ],
            [
                0.0,
                0.25,
                0.0,
                0.2,
                0.35,
                0.2,
                0.0,
                0.0,
                0.0
            ],
            [
                0.0,
                0.0,
                0.2,
                0.2,
                0.25,
                0.09999999999999998,
                0.0,
                0.0,
                0.25
            ],
            [
                0.2,
                0.0,
                0.0,
                0.2,
                0.0,
                0.0,
                0.35,
                0.0,
                0.25
            ],
            [
                0.0,
                0.0,
                0.0,
                0.0,
                0.0,
                0.0,
                0.0,
                1.0,
                0.0
            ],
            [
                0.0,
                0.0,
                0.2,
                0.0,
                0.0,
                0.2,
                0.25,
                0.0,
                0.35
            ]
        ],
        "p": -0.0011324781676649298
    }
]