[
    {
        "comm": [
            [
                0.0,
                1.0,
                0.0,
                1.0,
                0.0,
                1.0,
                0.0,
                0.0,
                0.0
            ],
            [
                1.0,
                0.0,
                0.0,
                0.0,
                1.0,
                0.0,
                1.0,
                0.0,
                0.0
            ],
            [
                0.0,
                0.0,
                0.0,
                0.0,
                0.0,
                1.0,
                0.0,
                0.0,
                0.0
            ],
            [
                1.0,
                0.0,
                0.0,
                0.0,
                0.0,
                0.0,
                0.0,
                0.0,
                1.0
            ],
            [
                0.0,
                1.0,
                0.0,
                0.0,
                0.0,
                1.0,
                0.0,
                0.0,
                0.0
            ],
            [
                1.0,
                0.0,
                1.0,
                0.0,
                1.0,
                0.0,
                0.0,
                0.0,
                0.0
            ],
            [
                0.0,
                1.0,
                0.0,
                0.0,
                0.0,
                0.0,
                0.0,
                0.0,
                0.0
            ],
            [
                0.0,
                0.0,
                0.0,
                0.0,
                0.0,
                0.0,
                0.0,
                0.0,
                0.0
            ],
            [
                0.0,
                0.0,
                0.0,
                1.0,
                0.0,
                0.0,
                0.0,
                0.0,
                0.0
            ]
        ],
        "weight": [
            [
                0.16666666666666674,
                0.25,
                0.0,
                0.3333333333333333,
                0.0,
                0.25,
                0.0,
                0.0,
                0.0
            ],
            [
                0.25,
                0.08333333333333337,
                0.0,
                0.0,
                0.3333333333333333,
                0.0,
                0.3333333333333333,
                0.0,
                0.0
            ],
            [
                0.0,
                0.0,
                0.75,
                0.0,
                0.0,
                0.25,
                0.0,
                0.0,
                0.0
            ],
            [
                0.25,
                0.0,
                0.0,
                0.25,
                0.0,
                0.0,
                0.0,
                0.0,
                0.5
            ],
            [
                0.0,
                0.25,
                0.0,
                0.0,
                0.5,
                0.25,
                0.0,
                0.0,
                0.0
            ],
            [
                0.25,
                0.0,
                0.3333333333333333,
                0.0,
                0.3333333333333333,
                0.08333333333333348,
                0.0,
                0.0,
                0.0
            ],
            [
                0.0,
                0.25,
                0.0,
                0.0,
                0.0,
                0.0,
                0.75,
                0.0,
                0.0
            ],
            [
                0.0,
                0.0,
                0.0,
                0.0,
                0.0,
                0.0,
                0.0,
                1.0,
                0.0
            ],
            [
                0.0,
                0.0,
                0.0,
                0.3333333333333333,
                0.0,
                0.0,
                0.0,
                0.0,
                0.6666666666666667
            ]
        ],
        "p": -0.002579743511717414
    }
]