[
    {
        "comm": [
            [
                0,
                1,
                1,
                1,
                1,
                1,
                1,
                1,
                1
            ],
            [
                1,
                0,
                1,
                1,
                1,
                1,
                1,
                1,
                1
            ],
            [
                1,
                1,
                0,
                1,
                1,
                1,
                1,
                1,
                1
            ],
            [
                1,
                1,
                1,
                0,
                1,
                1,
                1,
                1,
                1
            ],
            [
                1,
                1,
                1,
                1,
                0,
                1,
                1,
                1,
                1
            ],
            [
                1,
                1,
                1,
                1,
                1,
                0,
                1,
                1,
                1
            ],
            [
                1,
                1,
                1,
                1,
                1,
                1,
                0,
                1,
                1
            ],
            [
                1,
                1,
                1,
                1,
                1,
                1,
                1,
                0,
                1
            ],
            [
                1,
                1,
                1,
                1,
                1,
                1,
                1,
                1,
                0
            ]
        ],
        "weight": [
            [
                0.11111111111111116,
                0.1111111111111111,
                0.1111111111111111,
                0.1111111111111111,
                0.1111111111111111,
                0.1111111111111111,
                0.1111111111111111,
                0.1111111111111111,
                0.1111111111111111
            ],
            [
                0.1111111111111111,
                0.11111111111111116,
                0.1111111111111111,
                0.1111111111111111,
                0.1111111111111111,
                0.1111111111111111,
                0.1111111111111111,
                0.1111111111111111,
                0.1111111111111111
            ],
            [
                0.1111111111111111,
                0.1111111111111111,
                0.11111111111111116,
                0.1111111111111111,
                0.1111111111111111,
                0.1111111111111111,
                0.1111111111111111,
                0.1111111111111111,
                0.1111111111111111
            ],
            [
                0.1111111111111111,
                0.1111111111111111,
                0.1111111111111111,
                0.11111111111111116,
                0.1111111111111111,
                0.1111111111111111,
                0.1111111111111111,
                0.1111111111111111,
                0.1111111111111111
            ],
            [
                0.1111111111111111,
                0.1111111111111111,
                0.1111111111111111,
                0.1111111111111111,
                0.11111111111111116,
                0.1111111111111111,
                0.1111111111111111,
                0.1111111111111111,
                0.1111111111111111
            ],
            [
                0.1111111111111111,
                0.1111111111111111,
                0.1111111111111111,
                0.1111111111111111,
                0.1111111111111111,
                0.11111111111111116,
                0.1111111111111111,
                0.1111111111111111,
                0.1111111111111111
            ],
            [
                0.1111111111111111,
                0.1111111111111111,
                0.1111111111111111,
                0.1111111111111111,
                0.1111111111111111,
                0.1111111111111111,
                0.11111111111111116,
                0.1111111111111111,
                0.1111111111111111
            ],
            [
                0.1111111111111111,
                0.1111111111111111,
                0.1111111111111111,
                0.1111111111111111,
                0.1111111111111111,
                0.1111111111111111,
                0.1111111111111111,
                0.11111111111111116,
                0.1111111111111111
            ],
            [
                0.1111111111111111,
                0.1111111111111111,
                0.1111111111111111,
                0.1111111111111111,
                0.1111111111111111,
                0.1111111111111111,
                0.1111111111111111,
                0.1111111111111111,
                0.11111111111111116
            ]
        ],
        "p": 1.0
    }
]