[
    {
        "comm": [
            [
                0,
                1,
                0,
                1,
                0,
                1,
                0,
                0,
                0
            ],
            [
                1,
                0,
                0,
                0,
                1,
                0,
                1,
                1,
                0
            ],
            [
                0,
                0,
                0,
                0,
                0,
                1,
                0,
                0,
                0
            ],
            [
                1,
                0,
                0,
                0,
                0,
                0,
                0,
                0,
                1
            ],
            [
                0,
                1,
                0,
                0,
                0,
                1,
                0,
                0,
                0
            ],
            [
                1,
                0,
                1,
                0,
                1,
                0,
                0,
                0,
                0
            ],
            [
                0,
                1,
                0,
                0,
                0,
                0,
                0,
                0,
                0
            ],
            [
                0,
                1,
                0,
                0,
                0,
                0,
                0,
                0,
                1
            ],
            [
                0,
                0,
                0,
                1,
                0,
                0,
                0,
                1,
                0
            ]
        ],
        "weight": [
            [
                0.30000000000000004,
                0.2,
                0.0,
                0.25,
                0.0,
                0.25,
                0.0,
                0.0,
                0.0
            ],
            [
                0.2,
                0.19999999999999996,
                0.0,
                0.0,
                0.2,
                0.0,
                0.2,
                0.2,
                0.0
            ],
            [
                0.0,
                0.0,
                0.75,
                0.0,
                0.0,
                0.25,
                0.0,
                0.0,
                0.0
            ],
            [
                0.25,
                0.0,
                0.0,
                0.41666666666666674,
                0.0,
                0.0,
                0.0,
                0.0,
                0.3333333333333333
            ],
            [
                0.0,
                0.2,
                0.0,
                0.0,
                0.55,
                0.25,
                0.0,
                0.0,
                0.0
            ],
            [
                0.25,
                0.0,
                0.25,
                0.0,
                0.25,
                0.25,
                0.0,
                0.0,
                0.0
            ],
            [
                0.0,
                0.2,
                0.0,
                0.0,
                0.0,
                0.0,
                0.8,
                0.0,
                0.0
            ],
            [
                0.0,
                0.2,
                0.0,
                0.0,
                0.0,
                0.0,
                0.0,
                0.4666666666666667,
                0.3333333333333333
            ],
            [
                0.0,
                0.0,
                0.0,
                0.3333333333333333,
                0.0,
                0.0,
                0.0,
                0.3333333333333333,
                0.33333333333333337
            ]
        ],
        "p": 0.22309465803746042
    }
]