[
    {
        "comm": [
            [
                0,
                1,
                1,
                1,
                1,
                0,
                1,
                1,
                1
            ],
            [
                1,
                0,
                0,
                1,
                1,
                0,
                1,
                1,
                0
            ],
            [
                1,
                0,
                0,
                0,
                1,
                0,
                1,
                1,
                0
            ],
            [
                1,
                1,
                0,
                0,
                1,
                0,
                1,
                1,
                0
            ],
            [
                1,
                1,
                1,
                1,
                0,
                0,
                1,
                1,
                1
            ],
            [
                0,
                0,
                0,
                0,
                0,
                0,
                0,
                0,
                0
            ],
            [
                1,
                1,
                1,
                1,
                1,
                0,
                0,
                1,
                1
            ],
            [
                1,
                1,
                1,
                1,
                1,
                0,
                1,
                0,
                1
            ],
            [
                1,
                0,
                0,
                0,
                1,
                0,
                1,
                1,
                0
            ]
        ],
        "weight": [
            [
                0.125,
                0.125,
                0.125,
                0.125,
                0.125,
                0.0,
                0.125,
                0.125,
                0.125
            ],
            [
                0.125,
                0.33333333333333337,
                0.0,
                0.16666666666666666,
                0.125,
                0.0,
                0.125,
                0.125,
                0.0
            ],
            [
                0.125,
                0.0,
                0.5,
                0.0,
                0.125,
                0.0,
                0.125,
                0.125,
                0.0
            ],
            [
                0.125,
                0.16666666666666666,
                0.0,
                0.33333333333333337,
                0.125,
                0.0,
                0.125,
                0.125,
                0.0
            ],
            [
                0.125,
                0.125,
                0.125,
                0.125,
                0.125,
                0.0,
                0.125,
                0.125,
                0.125
            ],
            [
                0.0,
                0.0,
                0.0,
                0.0,
                0.0,
                1.0,
                0.0,
                0.0,
                0.0
            ],
            [
                0.125,
                0.125,
                0.125,
                0.125,
                0.125,
                0.0,
                0.125,
                0.125,
                0.125
            ],
            [
                0.125,
                0.125,
                0.125,
                0.125,
                0.125,
                0.0,
                0.125,
                0.125,
                0.125
            ],
            [
                0.125,
                0.0,
                0.0,
                0.0,
                0.125,
                0.0,
                0.125,
                0.125,
                0.5
            ]
        ],
        "p": 4.440892098500626e-16
    }
]