[
    {
        "comm": [
            [
                0,
                1,
                1,
                1,
                1,
                1,
                1,
                1,
                0
            ],
            [
                1,
                0,
                0,
                1,
                1,
                1,
                1,
                1,
                0
            ],
            [
                1,
                0,
                0,
                0,
                1,
                0,
                1,
                1,
                0
            ],
            [
                1,
                1,
                0,
                0,
                1,
                1,
                1,
                1,
                0
            ],
            [
                1,
                1,
                1,
                1,
                0,
                1,
                1,
                1,
                0
            ],
            [
                1,
                1,
                0,
                1,
                1,
                0,
                1,
                1,
                0
            ],
            [
                1,
                1,
                1,
                1,
                1,
                1,
                0,
                1,
                0
            ],
            [
                1,
                1,
                1,
                1,
                1,
                1,
                1,
                0,
                0
            ],
            [
                0,
                0,
                0,
                0,
                0,
                0,
                0,
                0,
                0
            ]
        ],
        "weight": [
            [
                0.125,
                0.125,
                0.125,
                0.125,
                0.125,
                0.125,
                0.125,
                0.125,
                0.0
            ],
            [
                0.125,
                0.2142857142857144,
                0.0,
                0.14285714285714285,
                0.125,
                0.14285714285714285,
                0.125,
                0.125,
                0.0
            ],
            [
                0.125,
                0.0,
                0.5,
                0.0,
                0.125,
                0.0,
                0.125,
                0.125,
                0.0
            ],
            [
                0.125,
                0.14285714285714285,
                0.0,
                0.2142857142857144,
                0.125,
                0.14285714285714285,
                0.125,
                0.125,
                0.0
            ],
            [
                0.125,
                0.125,
                0.125,
                0.125,
                0.125,
                0.125,
                0.125,
                0.125,
                0.0
            ],
            [
                0.125,
                0.14285714285714285,
                0.0,
                0.14285714285714285,
                0.125,
                0.2142857142857143,
                0.125,
                0.125,
                0.0
            ],
            [
                0.125,
                0.125,
                0.125,
                0.125,
                0.125,
                0.125,
                0.125,
                0.125,
                0.0
            ],
            [
                0.125,
                0.125,
                0.125,
                0.125,
                0.125,
                0.125,
                0.125,
                0.125,
                0.0
            ],
            [
                0.0,
                0.0,
                0.0,
                0.0,
                0.0,
                0.0,
                0.0,
                0.0,
                1.0
            ]
        ],
        "p": 3.3306690738754696e-16
    }
]