[
    {
        "comm": [
            [
                0,
                1,
                0,
                1,
                0,
                0,
                0,
                0,
                0
            ],
            [
                1,
                0,
                0,
                0,
                1,
                0,
                1,
                1,
                0
            ],
            [
                0,
                0,
                0,
                0,
                0,
                0,
                0,
                0,
                0
            ],
            [
                1,
                0,
                0,
                0,
                0,
                0,
                0,
                0,
                1
            ],
            [
                0,
                1,
                0,
                0,
                0,
                0,
                0,
                0,
                0
            ],
            [
                0,
                0,
                0,
                0,
                0,
                0,
                0,
                0,
                0
            ],
            [
                0,
                1,
                0,
                0,
                0,
                0,
                0,
                0,
                0
            ],
            [
                0,
                1,
                0,
                0,
                0,
                0,
                0,
                0,
                1
            ],
            [
                0,
                0,
                0,
                1,
                0,
                0,
                0,
                1,
                0
            ]
        ],
        "weight": [
            [
                0.4666666666666667,
                0.2,
                0.0,
                0.3333333333333333,
                0.0,
                0.0,
                0.0,
                0.0,
                0.0
            ],
            [
                0.2,
                0.19999999999999996,
                0.0,
                0.0,
                0.2,
                0.0,
                0.2,
                0.2,
                0.0
            ],
            [
                0.0,
                0.0,
                1.0,
                0.0,
                0.0,
                0.0,
                0.0,
                0.0,
                0.0
            ],
            [
                0.3333333333333333,
                0.0,
                0.0,
                0.33333333333333337,
                0.0,
                0.0,
                0.0,
                0.0,
                0.3333333333333333
            ],
            [
                0.0,
                0.2,
                0.0,
                0.0,
                0.8,
                0.0,
                0.0,
                0.0,
                0.0
            ],
            [
                0.0,
                0.0,
                0.0,
                0.0,
                0.0,
                1.0,
                0.0,
                0.0,
                0.0
            ],
            [
                0.0,
                0.2,
                0.0,
                0.0,
                0.0,
                0.0,
                0.8,
                0.0,
                0.0
            ],
            [
                0.0,
                0.2,
                0.0,
                0.0,
                0.0,
                0.0,
                0.0,
                0.4666666666666667,
                0.3333333333333333
            ],
            [
                0.0,
                0.0,
                0.0,
                0.3333333333333333,
                0.0,
                0.0,
                0.0,
                0.3333333333333333,
                0.33333333333333337
            ]
        ],
        "p": 0.0
    }
]