[
    {
        "comm": [
            [
                0,
                1,
                0,
                0,
                0,
                0,
                0,
                0,
                0
            ],
            [
                1,
                0,
                0,
                1,
                1,
                1,
                1,
                0,
                1
            ],
            [
                0,
                0,
                0,
                0,
                0,
                0,
                0,
                0,
                0
            ],
            [
                0,
                1,
                0,
                0,
                0,
                0,
                0,
                0,
                0
            ],
            [
                0,
                1,
                0,
                0,
                0,
                0,
                0,
                0,
                0
            ],
            [
                0,
                1,
                0,
                0,
                0,
                0,
                0,
                0,
                0
            ],
            [
                0,
                1,
                0,
                0,
                0,
                0,
                0,
                0,
                0
            ],
            [
                0,
                0,
                0,
                0,
                0,
                0,
                0,
                0,
                0
            ],
            [
                0,
                1,
                0,
                0,
                0,
                0,
                0,
                0,
                0
            ]
        ],
        "weight": [
            [
                0.8571428571428572,
                0.14285714285714285,
                0.0,
                0.0,
                0.0,
                0.0,
                0.0,
                0.0,
                0.0
            ],
            [
                0.14285714285714285,
                0.14285714285714302,
                0.0,
                0.14285714285714285,
                0.14285714285714285,
                0.14285714285714285,
                0.14285714285714285,
                0.0,
                0.14285714285714285
            ],
            [
                0.0,
                0.0,
                1.0,
                0.0,
                0.0,
                0.0,
                0.0,
                0.0,
                0.0
            ],
            [
                0.0,
                0.14285714285714285,
                0.0,
                0.8571428571428572,
                0.0,
                0.0,
                0.0,
                0.0,
                0.0
            ],
            [
                0.0,
                0.14285714285714285,
                0.0,
                0.0,
                0.8571428571428572,
                0.0,
                0.0,
                0.0,
                0.0
            ],
            [
                0.0,
                0.14285714285714285,
                0.0,
                0.0,
                0.0,
                0.8571428571428572,
                0.0,
                0.0,
                0.0
            ],
            [
                0.0,
                0.14285714285714285,
                0.0,
                0.0,
                0.0,
                0.0,
                0.8571428571428572,
                0.0,
                0.0
            ],
            [
                0.0,
                0.0,
                0.0,
                0.0,
                0.0,
                0.0,
                0.0,
                1.0,
                0.0
            ],
            [
                0.0,
                0.14285714285714285,
                0.0,
                0.0,
                0.0,
                0.0,
                0.0,
                0.0,
                0.8571428571428572
            ]
        ],
        "p": 3.3306690738754696e-16
    }
]