[
    {
        "comm": [
            [
                0,
                1,
                1,
                1,
                1,
                1,
                1,
                1,
                1
            ],
            [
                1,
                0,
                0,
                1,
                1,
                1,
                1,
                1,
                1
            ],
            [
                1,
                0,
                0,
                0,
                1,
                1,
                1,
                1,
                1
            ],
            [
                1,
                1,
                0,
                0,
                1,
                1,
                1,
                1,
                1
            ],
            [
                1,
                1,
                1,
                1,
                0,
                1,
                1,
                1,
                1
            ],
            [
                1,
                1,
                1,
                1,
                1,
                0,
                1,
                1,
                1
            ],
            [
                1,
                1,
                1,
                1,
                1,
                1,
                0,
                1,
                1
            ],
            [
                1,
                1,
                1,
                1,
                1,
                1,
                1,
                0,
                1
            ],
            [
                1,
                1,
                1,
                1,
                1,
                1,
                1,
                1,
                0
            ]
        ],
        "weight": [
            [
                0.11111111111111116,
                0.1111111111111111,
                0.1111111111111111,
                0.1111111111111111,
                0.1111111111111111,
                0.1111111111111111,
                0.1111111111111111,
                0.1111111111111111,
                0.1111111111111111
            ],
            [
                0.1111111111111111,
                0.20833333333333326,
                0.0,
                0.125,
                0.1111111111111111,
                0.1111111111111111,
                0.1111111111111111,
                0.1111111111111111,
                0.1111111111111111
            ],
            [
                0.1111111111111111,
                0.0,
                0.33333333333333326,
                0.0,
                0.1111111111111111,
                0.1111111111111111,
                0.1111111111111111,
                0.1111111111111111,
                0.1111111111111111
            ],
            [
                0.1111111111111111,
                0.125,
                0.0,
                0.20833333333333326,
                0.1111111111111111,
                0.1111111111111111,
                0.1111111111111111,
                0.1111111111111111,
                0.1111111111111111
            ],
            [
                0.1111111111111111,
                0.1111111111111111,
                0.1111111111111111,
                0.1111111111111111,
                0.11111111111111116,
                0.1111111111111111,
                0.1111111111111111,
                0.1111111111111111,
                0.1111111111111111
            ],
            [
                0.1111111111111111,
                0.1111111111111111,
                0.1111111111111111,
                0.1111111111111111,
                0.1111111111111111,
                0.11111111111111116,
                0.1111111111111111,
                0.1111111111111111,
                0.1111111111111111
            ],
            [
                0.1111111111111111,
                0.1111111111111111,
                0.1111111111111111,
                0.1111111111111111,
                0.1111111111111111,
                0.1111111111111111,
                0.11111111111111116,
                0.1111111111111111,
                0.1111111111111111
            ],
            [
                0.1111111111111111,
                0.1111111111111111,
                0.1111111111111111,
                0.1111111111111111,
                0.1111111111111111,
                0.1111111111111111,
                0.1111111111111111,
                0.11111111111111116,
                0.1111111111111111
            ],
            [
                0.1111111111111111,
                0.1111111111111111,
                0.1111111111111111,
                0.1111111111111111,
                0.1111111111111111,
                0.1111111111111111,
                0.1111111111111111,
                0.1111111111111111,
                0.11111111111111116
            ]
        ],
        "p": 0.8888888888888888
    }
]