[
    {
        "comm": [
            [
                0,
                1,
                1,
                1,
                1,
                1,
                1,
                1,
                1
            ],
            [
                1,
                0,
                0,
                1,
                1,
                1,
                1,
                0,
                0
            ],
            [
                1,
                0,
                0,
                0,
                1,
                0,
                1,
                1,
                0
            ],
            [
                1,
                1,
                0,
                0,
                1,
                1,
                1,
                0,
                0
            ],
            [
                1,
                1,
                1,
                1,
                0,
                1,
                1,
                1,
                1
            ],
            [
                1,
                1,
                0,
                1,
                1,
                0,
                1,
                0,
                1
            ],
            [
                1,
                1,
                1,
                1,
                1,
                1,
                0,
                1,
                1
            ],
            [
                1,
                0,
                1,
                0,
                1,
                0,
                1,
                0,
                0
            ],
            [
                1,
                0,
                0,
                0,
                1,
                1,
                1,
                0,
                0
            ]
        ],
        "weight": [
            [
                0.11111111111111116,
                0.1111111111111111,
                0.1111111111111111,
                0.1111111111111111,
                0.1111111111111111,
                0.1111111111111111,
                0.1111111111111111,
                0.1111111111111111,
                0.1111111111111111
            ],
            [
                0.1111111111111111,
                0.3571428571428572,
                0.0,
                0.16666666666666666,
                0.1111111111111111,
                0.14285714285714285,
                0.1111111111111111,
                0.0,
                0.0
            ],
            [
                0.1111111111111111,
                0.0,
                0.4666666666666667,
                0.0,
                0.1111111111111111,
                0.0,
                0.1111111111111111,
                0.2,
                0.0
            ],
            [
                0.1111111111111111,
                0.16666666666666666,
                0.0,
                0.3571428571428572,
                0.1111111111111111,
                0.14285714285714285,
                0.1111111111111111,
                0.0,
                0.0
            ],
            [
                0.1111111111111111,
                0.1111111111111111,
                0.1111111111111111,
                0.1111111111111111,
                0.11111111111111116,
                0.1111111111111111,
                0.1111111111111111,
                0.1111111111111111,
                0.1111111111111111
            ],
            [
                0.1111111111111111,
                0.14285714285714285,
                0.0,
                0.14285714285714285,
                0.1111111111111111,
                0.23809523809523814,
                0.1111111111111111,
                0.0,
                0.14285714285714285
            ],
            [
                0.1111111111111111,
                0.1111111111111111,
                0.1111111111111111,
                0.1111111111111111,
                0.1111111111111111,
                0.1111111111111111,
                0.11111111111111116,
                0.1111111111111111,
                0.1111111111111111
            ],
            [
                0.1111111111111111,
                0.0,
                0.2,
                0.0,
                0.1111111111111111,
                0.0,
                0.1111111111111111,
                0.4666666666666667,
                0.0
            ],
            [
                0.1111111111111111,
                0.0,
                0.0,
                0.0,
                0.1111111111111111,
                0.14285714285714285,
                0.1111111111111111,
                0.0,
                0.5238095238095238
            ]
        ],
        "p": 0.5555555555555551
    }
]