[
    {
        "comm": [
            [
                0,
                1,
                0,
                1,
                0,
                0,
                1,
                0,
                0
            ],
            [
                1,
                0,
                0,
                0,
                1,
                0,
                0,
                0,
                0
            ],
            [
                0,
                0,
                0,
                0,
                0,
                0,
                0,
                0,
                1
            ],
            [
                1,
                0,
                0,
                0,
                1,
                1,
                1,
                0,
                0
            ],
            [
                0,
                1,
                0,
                1,
                0,
                1,
                0,
                0,
                0
            ],
            [
                0,
                0,
                0,
                1,
                1,
                0,
                0,
                0,
                1
            ],
            [
                1,
                0,
                0,
                1,
                0,
                0,
                0,
                0,
                1
            ],
            [
                0,
                0,
                0,
                0,
                0,
                0,
                0,
                0,
                1
            ],
            [
                0,
                0,
                1,
                0,
                0,
                1,
                1,
                1,
                0
            ]
        ],
        "weight": [
            [
                0.30000000000000004,
                0.25,
                0.0,
                0.2,
                0.0,
                0.0,
                0.25,
                0.0,
                0.0
            ],
            [
                0.25,
                0.5,
                0.0,
                0.0,
                0.25,
                0.0,
                0.0,
                0.0,
                0.0
            ],
            [
                0.0,
                0.0,
                0.8,
                0.0,
                0.0,
                0.0,
                0.0,
                0.0,
                0.2
            ],
            [
                0.2,
                0.0,
                0.0,
                0.19999999999999996,
                0.2,
                0.2,
                0.2,
                0.0,
                0.0
            ],
            [
                0.0,
                0.25,
                0.0,
                0.2,
                0.30000000000000004,
                0.25,
                0.0,
                0.0,
                0.0
            ],
            [
                0.0,
                0.0,
                0.0,
                0.2,
                0.25,
                0.35,
                0.0,
                0.0,
                0.2
            ],
            [
                0.25,
                0.0,
                0.0,
                0.2,
                0.0,
                0.0,
                0.35,
                0.0,
                0.2
            ],
            [
                0.0,
                0.0,
                0.0,
                0.0,
                0.0,
                0.0,
                0.0,
                0.8,
                0.2
            ],
            [
                0.0,
                0.0,
                0.2,
                0.0,
                0.0,
                0.2,
                0.2,
                0.2,
                0.19999999999999996
            ]
        ],
        "p": 0.20565413158129242
    }
]